random matrix A:
     -1.63     -0.451      -1.85      -1.49      -1.84    -0.0886       -1.4 
     -1.69      -1.33     -0.575      -1.24     -0.627     -0.767     -0.588 
     -1.28    -0.0556      -1.47     -0.751     -0.785      -1.35      -1.53 
     -1.11      -1.62     -0.729      -1.48     -0.633      -1.06    -0.0288 
     -1.06    -0.0473     -0.472     -0.242     -0.057     -0.683     -0.253 
     -1.26      -1.09      -1.07      -1.69       -1.6      -1.23     -0.684 
      -1.4      -1.54      -1.99      -1.28     -0.841     -0.435     -0.427 
random vector b:
     0.621      0.205      0.944      0.263      0.815      0.163       0.74 
solution x to system A*x=b:
    -0.397      0.873     -0.672     -0.766      0.794     -0.118      0.401 
check: A*x (should be equal b):
     0.621      0.205      0.944      0.263      0.815      0.163       0.74 
test passed
A^-1*A=
         1  -2.78e-17  -8.33e-16  -3.33e-16  -3.19e-16  -5.55e-16  -7.63e-17 
  2.22e-16          1  -1.33e-15   4.44e-16  -1.33e-15   2.22e-16  -5.55e-16 
 -4.44e-16  -3.33e-16          1          0  -1.11e-16   3.61e-16  -2.78e-17 
 -2.22e-15  -8.88e-16   2.66e-15          1   8.88e-16  -5.55e-16  -1.11e-16 
  2.22e-16   4.44e-16  -4.44e-16   1.55e-15          1   2.22e-16  -5.55e-17 
  2.78e-16   1.67e-16  -2.22e-16    2.5e-16  -3.89e-16          1   9.71e-17 
 -5.55e-17          0   5.55e-17  -3.33e-16   8.33e-17  -4.58e-16          1 
A*A^-1=
         1   8.88e-16  -2.22e-16  -1.19e-15  -6.66e-16   4.44e-16      5e-16 
 -7.94e-16          1     -5e-16   -1.3e-15  -3.33e-16   6.66e-16   5.27e-16 
 -4.01e-16          0          1  -3.33e-16  -4.44e-16   2.22e-16   3.33e-16 
 -8.52e-16   1.18e-16  -1.94e-16          1  -2.78e-16   1.28e-15   3.63e-16 
 -3.76e-16   5.27e-16  -2.78e-17  -8.88e-16          1      5e-16   3.19e-16 
 -3.02e-16   2.22e-16          0  -2.64e-16  -4.44e-16          1   5.83e-16 
 -2.34e-16          0  -1.11e-16  -2.36e-16          0   2.78e-16          1 
