random matrix A:
     -1.68     -0.665    -0.0895     -0.864      -1.72       -1.7      -1.36 
    -0.483     -0.376      -1.39      -0.95     -0.182      -1.63       -1.1 
   -0.0774     -0.385      -1.55      -1.51      -0.56      -1.64      -1.01 
     -1.32     -0.925      -1.46     -0.518     -0.153     -0.172       -1.3 
    -0.848     -0.688      -1.84      -1.34      -1.41      -1.48      -1.79 
    -0.259     -0.461      -1.12      -1.19      -1.59     -0.569      -1.61 
    -0.487      -1.74    -0.0333      -1.58     -0.677     -0.945    -0.0678 
random vector b:
     0.887      0.144      0.118      0.593       0.38      0.873      0.819 
solution x to system A*x=b:
  -0.00248      -0.17       0.87     -0.671       0.42      0.322      -1.13 
check: A*x (should be equal b):
     0.887      0.144      0.118      0.593       0.38      0.873      0.819 
test passed
A^-1*A=
         1  -3.33e-16  -6.77e-16  -1.67e-15  -1.17e-15     -5e-16  -1.89e-15 
  2.05e-15          1   1.67e-15   2.22e-15   1.89e-15   1.22e-15      3e-15 
  1.39e-17   -2.5e-16          1  -3.05e-16  -4.51e-16   -1.8e-16  -1.05e-16 
 -1.47e-15  -6.66e-16          0          1  -1.14e-15   8.33e-16  -1.79e-15 
 -2.36e-16  -2.64e-16   -9.5e-16  -2.08e-16          1  -4.44e-16  -4.44e-16 
  4.44e-16   3.33e-16  -5.64e-17   4.44e-16   3.61e-16          1   2.95e-16 
  8.24e-16   6.28e-16   1.47e-15   1.48e-15   1.52e-15   9.36e-16          1 
A*A^-1=
         1  -8.88e-16   8.88e-16   5.83e-16  -4.44e-16  -4.44e-16  -1.68e-16 
  3.49e-16          1   8.88e-16   6.94e-16          0  -4.44e-16  -1.56e-16 
  -5.9e-17   4.44e-16          1  -3.89e-16   8.88e-16  -6.66e-16   2.16e-16 
  1.27e-16  -8.88e-16   6.66e-16          1   8.88e-16  -4.44e-16  -1.73e-16 
  3.09e-16  -8.88e-16   8.88e-16   6.25e-16          1          0  -1.72e-16 
  1.87e-16          0   8.88e-16   3.75e-16  -4.44e-16          1  -7.63e-17 
  7.95e-17   1.86e-15  -7.22e-16   5.72e-17   3.89e-16   1.11e-16          1 
