nsteps       =62
mass         =125.97218356418
Gamma        =2.08633207268542
Sqrt(chi^2/n)=0.946388077187826
