Integral: ∫_0^2π sin(x)^2 dx
result= 3.11437860231027
exact = 3.14159265358979
error = 0.0221208391259327

Integral: ∫_0^π dx/π ∫_0^π dy/π ∫_0^π dz/π 1/(1-cos(x)*cos(y)*cos(z))
result= 1.45309671018131
exact = 1.39320392968568
error = 0.0417712055254246
